*************************

Design: design1

*************************

*************************
Fisher information matrix 
*************************

**** Fixed effect 

              µ_C50         µ_Cl       µ_ka        µ_kout         µ_V
µ_C50   188.7686994   58.7491577  0.3104519  -248.0730634   60.644564
µ_Cl     58.7491577 1046.2352830  0.6801698  -115.5816457   46.792279
µ_ka      0.3104519    0.6801698  3.5450689    -0.4319492   -5.984455
µ_kout -248.0730634 -115.5816457 -0.4319492 28311.3050597 -132.427902
µ_V      60.6445643   46.7922793 -5.9844551  -132.4279016   86.271359

**** Variance components 

     [,1]
[1,]   NA

******************
Correlation matrix  
******************

**** Fixed effect 

             µ_C50         µ_Cl        µ_ka      µ_kout         µ_V
µ_C50   1.00000000 -0.053322632 -0.20580077 0.071049669 -0.49465553
µ_Cl   -0.05332263  1.000000000 -0.05667699 0.002121457 -0.11998057
µ_ka   -0.20580077 -0.056676987  1.00000000 0.016553358  0.39903879
µ_kout  0.07104967  0.002121457  0.01655336 1.000000000  0.04146719
µ_V    -0.49465553 -0.119980570  0.39903879 0.041467194  1.00000000

**** Variance components 

NULL

**********************************************
Determinant, condition numbers and D-criterion 
**********************************************

                                       Value
Determinant                     1.066896e+12
Cond number fixed effects       9.596836e+03
Cond number variance components           NA
D-criterion                     2.544629e+02

**********
Shrinkage 
**********

    µ_C50      µ_Cl      µ_ka    µ_kout       µ_V 
50.134937 97.353063 18.726829 99.434535  1.409287 

**********
SE and RSE 
**********

       Value          SE   RSE (%)
µ_C50   1.20 0.084967235  7.080603
µ_Cl    0.13 0.031419103 24.168541
µ_ka    1.60 0.579296801 36.206050
µ_kout  0.06 0.005983012  9.971687
µ_V     8.00 0.134308888  1.678861

*************************

Design: design2

*************************

*************************
Fisher information matrix 
*************************

**** Fixed effect 

              µ_C50         µ_Cl       µ_ka        µ_kout         µ_V
µ_C50   188.7686994   58.7491577  0.3104519  -248.0730634   60.644564
µ_Cl     58.7491577 1046.2352830  0.6801698  -115.5816457   46.792279
µ_ka      0.3104519    0.6801698  3.5450689    -0.4319492   -5.984455
µ_kout -248.0730634 -115.5816457 -0.4319492 28311.3050597 -132.427902
µ_V      60.6445643   46.7922793 -5.9844551  -132.4279016   86.271359

**** Variance components 

     [,1]
[1,]   NA

******************
Correlation matrix  
******************

**** Fixed effect 

             µ_C50         µ_Cl        µ_ka      µ_kout         µ_V
µ_C50   1.00000000 -0.053322632 -0.20580077 0.071049669 -0.49465553
µ_Cl   -0.05332263  1.000000000 -0.05667699 0.002121457 -0.11998057
µ_ka   -0.20580077 -0.056676987  1.00000000 0.016553358  0.39903879
µ_kout  0.07104967  0.002121457  0.01655336 1.000000000  0.04146719
µ_V    -0.49465553 -0.119980570  0.39903879 0.041467194  1.00000000

**** Variance components 

NULL

**********************************************
Determinant, condition numbers and D-criterion 
**********************************************

                                       Value
Determinant                     1.066896e+12
Cond number fixed effects       9.596836e+03
Cond number variance components           NA
D-criterion                     2.544629e+02

**********
Shrinkage 
**********

    µ_C50      µ_Cl      µ_ka    µ_kout       µ_V 
50.134937 97.353063 18.726829 99.434535  1.409287 

**********
SE and RSE 
**********

       Value          SE   RSE (%)
µ_C50   1.20 0.084967235  7.080603
µ_Cl    0.13 0.031419103 24.168541
µ_ka    1.60 0.579296801 36.206050
µ_kout  0.06 0.005983012  9.971687
µ_V     8.00 0.134308888  1.678861

$design1
$design1$BrasTest1
$design1$BrasTest1$RespPK

$design1$BrasTest1$RespPD



$design2
$design2$BrasTest1
$design2$BrasTest1$RespPK

$design2$BrasTest1$RespPD



$design1
$design1$BrasTest1
$design1$BrasTest1$RespPK
$design1$BrasTest1$RespPK$C50

$design1$BrasTest1$RespPK$Cl

$design1$BrasTest1$RespPK$ka

$design1$BrasTest1$RespPK$kout

$design1$BrasTest1$RespPK$Rin

$design1$BrasTest1$RespPK$V


$design1$BrasTest1$RespPD
$design1$BrasTest1$RespPD$C50

$design1$BrasTest1$RespPD$Cl

$design1$BrasTest1$RespPD$ka

$design1$BrasTest1$RespPD$kout

$design1$BrasTest1$RespPD$Rin

$design1$BrasTest1$RespPD$V




$design2
$design2$BrasTest1
$design2$BrasTest1$RespPK
$design2$BrasTest1$RespPK$C50

$design2$BrasTest1$RespPK$Cl

$design2$BrasTest1$RespPK$ka

$design2$BrasTest1$RespPK$kout

$design2$BrasTest1$RespPK$Rin

$design2$BrasTest1$RespPK$V


$design2$BrasTest1$RespPD
$design2$BrasTest1$RespPD$C50

$design2$BrasTest1$RespPD$Cl

$design2$BrasTest1$RespPD$ka

$design2$BrasTest1$RespPD$kout

$design2$BrasTest1$RespPD$Rin

$design2$BrasTest1$RespPD$V




$design1

$design2

$design1

$design2

  |                                                                                                  |                                                                                          |   0%  |                                                                                                  |...                                                                                       |   3%                                       |                                                                                                  |......                                                                                    |   7% [setup]                               |                                                                                                  |.........                                                                                 |  10%                                       |                                                                                                  |............                                                                              |  14% [modelOutputs]                        |                                                                                                  |................                                                                          |  17%                                       |                                                                                                  |...................                                                                       |  21% [modelEquations]                      |                                                                                                  |......................                                                                    |  24%                                       |                                                                                                  |.........................                                                                 |  28% [modelError]                          |                                                                                                  |............................                                                              |  31%                                       |                                                                                                  |...............................                                                           |  34% [modelParameters]                     |                                                                                                  |..................................                                                        |  38%                                       |                                                                                                  |.....................................                                                     |  41% [initialDesignParameters]             |                                                                                                  |........................................                                                  |  45%                                       |                                                                                                  |...........................................                                               |  48% [administrationParameters]            |                                                                                                  |...............................................                                           |  52%                                       |                                                                                                  |..................................................                                        |  55% [FIMFixedEffectsTable]                |                                                                                                  |.....................................................                                     |  59%                                       |                                                                                                  |........................................................                                  |  62% [correlationMatrixFixedEffectsTable]  |                                                                                                  |...........................................................                               |  66%                                       |                                                                                                  |..............................................................                            |  69% [criteriaFimTable]                    |                                                                                                  |.................................................................                         |  72%                                       |                                                                                                  |....................................................................                      |  76% [SEandRSETable]                       |                                                                                                  |.......................................................................                   |  79%                                       |                                                                                                  |..........................................................................                |  83% [plotOutcomesEvaluation]              |                                                                                                  |..............................................................................            |  86%                                       |                                                                                                  |.................................................................................         |  90% [plotOutcomesGradient]                |                                                                                                  |....................................................................................      |  93%                                       |                                                                                                  |.......................................................................................   |  97% [plotSEandRSE]                        |                                                                                                  |..........................................................................................| 100%                                                                                                                                                                                                                             
"C:/Program Files/RStudio/resources/app/bin/quarto/bin/tools/pandoc" +RTS -K512m -RTS templateEvaluationBayesianFim.knit.md --to html4 --from markdown+autolink_bare_uris+tex_math_single_backslash --output pandoc245071d65b66.html --lua-filter "C:\Users\luf59577\AppData\Local\R\win-library\4.3\rmarkdown\rmarkdown\lua\pagebreak.lua" --lua-filter "C:\Users\luf59577\AppData\Local\R\win-library\4.3\rmarkdown\rmarkdown\lua\latex-div.lua" --embed-resources --standalone --variable bs3=TRUE --section-divs --template "C:\Users\luf59577\AppData\Local\R\win-library\4.3\rmarkdown\rmd\h\default.html" --no-highlight --variable highlightjs=1 --variable theme=bootstrap --mathjax --variable "mathjax-url=https://mathjax.rstudio.com/latest/MathJax.js?config=TeX-AMS-MML_HTMLorMML" --include-in-header "C:\Users\luf59577\AppData\Local\Temp\4\RtmpIlJH84\rmarkdown-str245017491623.html" 
*************************

Design: design1

*************************

*************************
Fisher information matrix 
*************************

**** Fixed effect 

              Î¼_C50         Î¼_Cl       Î¼_ka        Î¼_kout         Î¼_V
Î¼_C50   188.7686994   58.7491577  0.3104519  -248.0730634   60.644564
Î¼_Cl     58.7491577 1046.2352830  0.6801698  -115.5816457   46.792279
Î¼_ka      0.3104519    0.6801698  3.5450689    -0.4319492   -5.984455
Î¼_kout -248.0730634 -115.5816457 -0.4319492 28311.3050597 -132.427902
Î¼_V      60.6445643   46.7922793 -5.9844551  -132.4279016   86.271359

**** Variance components 

     [,1]
[1,]   NA

******************
Correlation matrix  
******************

**** Fixed effect 

             Î¼_C50        Î¼_Cl         Î¼_ka       Î¼_kout         Î¼_V
Î¼_C50   1.00000000  0.13219711  0.012000988 -0.107308636  0.47521875
Î¼_Cl    0.13219711  1.00000000  0.011168384 -0.021237053  0.15574933
Î¼_ka    0.01200099  0.01116838  1.000000000 -0.001363454 -0.34219917
Î¼_kout -0.10730864 -0.02123705 -0.001363454  1.000000000 -0.08473566
Î¼_V     0.47521875  0.15574933 -0.342199172 -0.084735663  1.00000000

**** Variance components 

NULL

**********************************************
Determinant, condition numbers and D-criterion 
**********************************************

                                       Value
Determinant                     1.066896e+12
Cond number fixed effects       9.596836e+03
Cond number variance components           NA
D-criterion                     2.544629e+02

**********
Shrinkage 
**********

    Î¼_C50      Î¼_Cl      Î¼_ka    Î¼_kout       Î¼_V 
50.134937 97.353063 18.726829 99.434535  1.409287 

**********
SE and RSE 
**********

       Value          SE   RSE (%)
Î¼_C50   1.20 0.084967235  7.080603
Î¼_Cl    0.13 0.031419103 24.168541
Î¼_ka    1.60 0.579296801 36.206050
Î¼_kout  0.06 0.005983012  9.971687
Î¼_V     8.00 0.134308888  1.678861

*************************

Design: design2

*************************

*************************
Fisher information matrix 
*************************

**** Fixed effect 

              Î¼_C50         Î¼_Cl       Î¼_ka        Î¼_kout         Î¼_V
Î¼_C50   188.7686994   58.7491577  0.3104519  -248.0730634   60.644564
Î¼_Cl     58.7491577 1046.2352830  0.6801698  -115.5816457   46.792279
Î¼_ka      0.3104519    0.6801698  3.5450689    -0.4319492   -5.984455
Î¼_kout -248.0730634 -115.5816457 -0.4319492 28311.3050597 -132.427902
Î¼_V      60.6445643   46.7922793 -5.9844551  -132.4279016   86.271359

**** Variance components 

     [,1]
[1,]   NA

******************
Correlation matrix  
******************

**** Fixed effect 

             Î¼_C50        Î¼_Cl         Î¼_ka       Î¼_kout         Î¼_V
Î¼_C50   1.00000000  0.13219711  0.012000988 -0.107308636  0.47521875
Î¼_Cl    0.13219711  1.00000000  0.011168384 -0.021237053  0.15574933
Î¼_ka    0.01200099  0.01116838  1.000000000 -0.001363454 -0.34219917
Î¼_kout -0.10730864 -0.02123705 -0.001363454  1.000000000 -0.08473566
Î¼_V     0.47521875  0.15574933 -0.342199172 -0.084735663  1.00000000

**** Variance components 

NULL

**********************************************
Determinant, condition numbers and D-criterion 
**********************************************

                                       Value
Determinant                     1.066896e+12
Cond number fixed effects       9.596836e+03
Cond number variance components           NA
D-criterion                     2.544629e+02

**********
Shrinkage 
**********

    Î¼_C50      Î¼_Cl      Î¼_ka    Î¼_kout       Î¼_V 
50.134937 97.353063 18.726829 99.434535  1.409287 

**********
SE and RSE 
**********

       Value          SE   RSE (%)
Î¼_C50   1.20 0.084967235  7.080603
Î¼_Cl    0.13 0.031419103 24.168541
Î¼_ka    1.60 0.579296801 36.206050
Î¼_kout  0.06 0.005983012  9.971687
Î¼_V     8.00 0.134308888  1.678861

$design1
$design1$BrasTest1
$design1$BrasTest1$RespPK

$design1$BrasTest1$RespPD



$design2
$design2$BrasTest1
$design2$BrasTest1$RespPK

$design2$BrasTest1$RespPD



$design1
$design1$BrasTest1
$design1$BrasTest1$RespPK
$design1$BrasTest1$RespPK$C50

$design1$BrasTest1$RespPK$Cl

$design1$BrasTest1$RespPK$ka

$design1$BrasTest1$RespPK$kout

$design1$BrasTest1$RespPK$Rin

$design1$BrasTest1$RespPK$V


$design1$BrasTest1$RespPD
$design1$BrasTest1$RespPD$C50

$design1$BrasTest1$RespPD$Cl

$design1$BrasTest1$RespPD$ka

$design1$BrasTest1$RespPD$kout

$design1$BrasTest1$RespPD$Rin

$design1$BrasTest1$RespPD$V




$design2
$design2$BrasTest1
$design2$BrasTest1$RespPK
$design2$BrasTest1$RespPK$C50

$design2$BrasTest1$RespPK$Cl

$design2$BrasTest1$RespPK$ka

$design2$BrasTest1$RespPK$kout

$design2$BrasTest1$RespPK$Rin

$design2$BrasTest1$RespPK$V


$design2$BrasTest1$RespPD
$design2$BrasTest1$RespPD$C50

$design2$BrasTest1$RespPD$Cl

$design2$BrasTest1$RespPD$ka

$design2$BrasTest1$RespPD$kout

$design2$BrasTest1$RespPD$Rin

$design2$BrasTest1$RespPD$V




$design1

$design2

$design1

$design2

  |                                                                                                       |                                                                                               |   0%  |                                                                                                       |...                                                                                            |   3%                                       |                                                                                                       |.......                                                                                        |   7% [setup]                               |                                                                                                       |..........                                                                                     |  10%                                       |                                                                                                       |.............                                                                                  |  14% [modelOutputs]                        |                                                                                                       |................                                                                               |  17%                                       |                                                                                                       |....................                                                                           |  21% [modelEquations]                      |                                                                                                       |.......................                                                                        |  24%                                       |                                                                                                       |..........................                                                                     |  28% [modelError]                          |                                                                                                       |.............................                                                                  |  31%                                       |                                                                                                       |.................................                                                              |  34% [modelParameters]                     |                                                                                                       |....................................                                                           |  38%                                       |                                                                                                       |.......................................                                                        |  41% [initialDesignParameters]             |                                                                                                       |...........................................                                                    |  45%                                       |                                                                                                       |..............................................                                                 |  48% [administrationParameters]            |                                                                                                       |.................................................                                              |  52%                                       |                                                                                                       |....................................................                                           |  55% [FIMFixedEffectsTable]                |                                                                                                       |........................................................                                       |  59%                                       |                                                                                                       |...........................................................                                    |  62% [correlationMatrixFixedEffectsTable]  |                                                                                                       |..............................................................                                 |  66%                                       |                                                                                                       |..................................................................                             |  69% [criteriaFimTable]                    |                                                                                                       |.....................................................................                          |  72%                                       |                                                                                                       |........................................................................                       |  76% [SEandRSETable]                       |                                                                                                       |...........................................................................                    |  79%                                       |                                                                                                       |...............................................................................                |  83% [plotOutcomesEvaluation]              |                                                                                                       |..................................................................................             |  86%                                       |                                                                                                       |.....................................................................................          |  90% [plotOutcomesGradient]                |                                                                                                       |........................................................................................       |  93%                                       |                                                                                                       |............................................................................................   |  97% [plotSEandRSE]                        |                                                                                                       |...............................................................................................| 100%                                                                                                                                                                                                                                  
"C:/Program Files/RStudio/resources/app/bin/quarto/bin/tools/pandoc" +RTS -K512m -RTS templateEvaluationBayesianFim.knit.md --to html4 --from markdown+autolink_bare_uris+tex_math_single_backslash --output pandoc350cffb2588.html --lua-filter "C:\Users\romai\AppData\Local\R\win-library\4.4\rmarkdown\rmarkdown\lua\pagebreak.lua" --lua-filter "C:\Users\romai\AppData\Local\R\win-library\4.4\rmarkdown\rmarkdown\lua\latex-div.lua" --embed-resources --standalone --variable bs3=TRUE --section-divs --template "C:\Users\romai\AppData\Local\R\win-library\4.4\rmarkdown\rmd\h\default.html" --no-highlight --variable highlightjs=1 --variable theme=bootstrap --mathjax --variable "mathjax-url=https://mathjax.rstudio.com/latest/MathJax.js?config=TeX-AMS-MML_HTMLorMML" --include-in-header "C:\Users\romai\AppData\Local\Temp\Rtmp8ySaHe\rmarkdown-str350c35f3e71.html" 
*************************

Design: design1

*************************

*************************
Fisher information matrix 
*************************

**** Fixed effect 

              Î¼_C50         Î¼_Cl       Î¼_ka        Î¼_kout         Î¼_V
Î¼_C50   188.7686994   58.7491577  0.3104519  -248.0730634   60.644564
Î¼_Cl     58.7491577 1046.2352830  0.6801698  -115.5816457   46.792279
Î¼_ka      0.3104519    0.6801698  3.5450689    -0.4319492   -5.984455
Î¼_kout -248.0730634 -115.5816457 -0.4319492 28311.3050597 -132.427902
Î¼_V      60.6445643   46.7922793 -5.9844551  -132.4279016   86.271359

**** Variance components 

     [,1]
[1,]   NA

******************
Correlation matrix  
******************

**** Fixed effect 

             Î¼_C50        Î¼_Cl         Î¼_ka       Î¼_kout         Î¼_V
Î¼_C50   1.00000000  0.13219711  0.012000988 -0.107308636  0.47521875
Î¼_Cl    0.13219711  1.00000000  0.011168384 -0.021237053  0.15574933
Î¼_ka    0.01200099  0.01116838  1.000000000 -0.001363454 -0.34219917
Î¼_kout -0.10730864 -0.02123705 -0.001363454  1.000000000 -0.08473566
Î¼_V     0.47521875  0.15574933 -0.342199172 -0.084735663  1.00000000

**** Variance components 

NULL

**********************************************
Determinant, condition numbers and D-criterion 
**********************************************

                                       Value
Determinant                     1.066896e+12
Cond number fixed effects       9.596836e+03
Cond number variance components           NA
D-criterion                     2.544629e+02

**********
Shrinkage 
**********

    Î¼_C50      Î¼_Cl      Î¼_ka    Î¼_kout       Î¼_V 
50.134937 97.353063 18.726829 99.434535  1.409287 

**********
SE and RSE 
**********

       Value          SE   RSE (%)
Î¼_C50   1.20 0.084967235  7.080603
Î¼_Cl    0.13 0.031419103 24.168541
Î¼_ka    1.60 0.579296801 36.206050
Î¼_kout  0.06 0.005983012  9.971687
Î¼_V     8.00 0.134308888  1.678861

*************************

Design: design2

*************************

*************************
Fisher information matrix 
*************************

**** Fixed effect 

              Î¼_C50         Î¼_Cl       Î¼_ka        Î¼_kout         Î¼_V
Î¼_C50   188.7686994   58.7491577  0.3104519  -248.0730634   60.644564
Î¼_Cl     58.7491577 1046.2352830  0.6801698  -115.5816457   46.792279
Î¼_ka      0.3104519    0.6801698  3.5450689    -0.4319492   -5.984455
Î¼_kout -248.0730634 -115.5816457 -0.4319492 28311.3050597 -132.427902
Î¼_V      60.6445643   46.7922793 -5.9844551  -132.4279016   86.271359

**** Variance components 

     [,1]
[1,]   NA

******************
Correlation matrix  
******************

**** Fixed effect 

             Î¼_C50        Î¼_Cl         Î¼_ka       Î¼_kout         Î¼_V
Î¼_C50   1.00000000  0.13219711  0.012000988 -0.107308636  0.47521875
Î¼_Cl    0.13219711  1.00000000  0.011168384 -0.021237053  0.15574933
Î¼_ka    0.01200099  0.01116838  1.000000000 -0.001363454 -0.34219917
Î¼_kout -0.10730864 -0.02123705 -0.001363454  1.000000000 -0.08473566
Î¼_V     0.47521875  0.15574933 -0.342199172 -0.084735663  1.00000000

**** Variance components 

NULL

**********************************************
Determinant, condition numbers and D-criterion 
**********************************************

                                       Value
Determinant                     1.066896e+12
Cond number fixed effects       9.596836e+03
Cond number variance components           NA
D-criterion                     2.544629e+02

**********
Shrinkage 
**********

    Î¼_C50      Î¼_Cl      Î¼_ka    Î¼_kout       Î¼_V 
50.134937 97.353063 18.726829 99.434535  1.409287 

**********
SE and RSE 
**********

       Value          SE   RSE (%)
Î¼_C50   1.20 0.084967235  7.080603
Î¼_Cl    0.13 0.031419103 24.168541
Î¼_ka    1.60 0.579296801 36.206050
Î¼_kout  0.06 0.005983012  9.971687
Î¼_V     8.00 0.134308888  1.678861

$design1
$design1$BrasTest1
$design1$BrasTest1$RespPK

$design1$BrasTest1$RespPD



$design2
$design2$BrasTest1
$design2$BrasTest1$RespPK

$design2$BrasTest1$RespPD



$design1
$design1$BrasTest1
$design1$BrasTest1$RespPK
$design1$BrasTest1$RespPK$C50

$design1$BrasTest1$RespPK$Cl

$design1$BrasTest1$RespPK$ka

$design1$BrasTest1$RespPK$kout

$design1$BrasTest1$RespPK$Rin

$design1$BrasTest1$RespPK$V


$design1$BrasTest1$RespPD
$design1$BrasTest1$RespPD$C50

$design1$BrasTest1$RespPD$Cl

$design1$BrasTest1$RespPD$ka

$design1$BrasTest1$RespPD$kout

$design1$BrasTest1$RespPD$Rin

$design1$BrasTest1$RespPD$V




$design2
$design2$BrasTest1
$design2$BrasTest1$RespPK
$design2$BrasTest1$RespPK$C50

$design2$BrasTest1$RespPK$Cl

$design2$BrasTest1$RespPK$ka

$design2$BrasTest1$RespPK$kout

$design2$BrasTest1$RespPK$Rin

$design2$BrasTest1$RespPK$V


$design2$BrasTest1$RespPD
$design2$BrasTest1$RespPD$C50

$design2$BrasTest1$RespPD$Cl

$design2$BrasTest1$RespPD$ka

$design2$BrasTest1$RespPD$kout

$design2$BrasTest1$RespPD$Rin

$design2$BrasTest1$RespPD$V




$design1

$design2

$design1

$design2

  |                                                                                                       |                                                                                               |   0%  |                                                                                                       |...                                                                                            |   3%                                       |                                                                                                       |.......                                                                                        |   7% [setup]                               |                                                                                                       |..........                                                                                     |  10%                                       |                                                                                                       |.............                                                                                  |  14% [modelOutputs]                        |                                                                                                       |................                                                                               |  17%                                       |                                                                                                       |....................                                                                           |  21% [modelEquations]                      |                                                                                                       |.......................                                                                        |  24%                                       |                                                                                                       |..........................                                                                     |  28% [modelError]                          |                                                                                                       |.............................                                                                  |  31%                                       |                                                                                                       |.................................                                                              |  34% [modelParameters]                     |                                                                                                       |....................................                                                           |  38%                                       |                                                                                                       |.......................................                                                        |  41% [initialDesignParameters]             |                                                                                                       |...........................................                                                    |  45%                                       |                                                                                                       |..............................................                                                 |  48% [administrationParameters]            |                                                                                                       |.................................................                                              |  52%                                       |                                                                                                       |....................................................                                           |  55% [FIMFixedEffectsTable]                |                                                                                                       |........................................................                                       |  59%                                       |                                                                                                       |...........................................................                                    |  62% [correlationMatrixFixedEffectsTable]  |                                                                                                       |..............................................................                                 |  66%                                       |                                                                                                       |..................................................................                             |  69% [criteriaFimTable]                    |                                                                                                       |.....................................................................                          |  72%                                       |                                                                                                       |........................................................................                       |  76% [SEandRSETable]                       |                                                                                                       |...........................................................................                    |  79%                                       |                                                                                                       |...............................................................................                |  83% [plotOutcomesEvaluation]              |                                                                                                       |..................................................................................             |  86%                                       |                                                                                                       |.....................................................................................          |  90% [plotOutcomesGradient]                |                                                                                                       |........................................................................................       |  93%                                       |                                                                                                       |............................................................................................   |  97% [plotSEandRSE]                        |                                                                                                       |...............................................................................................| 100%                                                                                                                                                                                                                                  
