*************************

Design: design1

*************************

*************************
Fisher information matrix 
*************************

**** Fixed effect 

               ｵ_C50        ｵ_Cl         ｵ_ka       ｵ_kout           ｵ_V
ｵ_C50   6.485217e+01   154.84341  -0.08406454  -1534.45423    0.01546817
ｵ_Cl    1.548434e+02 19945.12384  31.44058161   5922.10947  110.20551731
ｵ_ka   -8.406454e-02    31.44058  11.48066866    -36.24525   -2.88150184
ｵ_kout -1.534454e+03  5922.10947 -36.24524806 146461.35640 -257.18832205
ｵ_V     1.546817e-02   110.20552  -2.88150184   -257.18832   10.93342703

**** Variance components 

                      <U+03C9>ｲ_C50        <U+03C9>ｲ_Cl        <U+03C9>ｲ_ka        <U+03C9>ｲ_kout        <U+03C9>ｲ_Rin         <U+03C9>ｲ_V s_inter_RespPK s_slope_RespPK
<U+03C9>ｲ_C50          1.362680e+02    9.1170569 4.070504e-04    190.7185337  1.118861e+02 3.445404e-04      2.1680254       7.455059
<U+03C9>ｲ_Cl           9.117057e+00 1775.2802012 6.682329e-01     33.3397312  3.970008e+00 2.052548e+02    113.4408078     397.028173
<U+03C9>ｲ_ka           4.070504e-04    0.6682329 1.349691e+01      0.1891754  3.036587e-03 2.125582e+01     13.3177431      21.968863
<U+03C9>ｲ_kout         1.907185e+02   33.3397312 1.891754e-01   4343.8131059  4.328135e+02 2.381250e+02      8.4677833      19.287462
<U+03C9>ｲ_Rin          1.118861e+02    3.9700079 3.036587e-03    432.8134649  3.179742e+02 1.601687e+00      1.2957173       4.688883
<U+03C9>ｲ_V            3.445404e-04  205.2548272 2.125582e+01    238.1249988  1.601687e+00 7.650549e+03    390.8281848     944.599878
s_inter_RespPK  2.168025e+00  113.4408078 1.331774e+01      8.4677833  1.295717e+00 3.908282e+02   1110.0731909    2352.452129
s_slope_RespPK  7.455059e+00  397.0281730 2.196886e+01     19.2874623  4.688883e+00 9.445999e+02   2352.4521293    5906.850928
s_inter_RespPD  9.793912e+00    4.1499135 7.736484e-03     60.8058647  7.301505e-01 8.326642e+00      0.7622515       2.322672
               s_inter_RespPD
<U+03C9>ｲ_C50            9.793912339
<U+03C9>ｲ_Cl             4.149913481
<U+03C9>ｲ_ka             0.007736484
<U+03C9>ｲ_kout          60.805864666
<U+03C9>ｲ_Rin            0.730150533
<U+03C9>ｲ_V              8.326642276
s_inter_RespPK    0.762251453
s_slope_RespPK    2.322672062
s_inter_RespPD   22.384143440

******************
Correlation matrix  
******************

**** Fixed effect 

             ｵ_C50       ｵ_Cl        ｵ_ka     ｵ_kout        ｵ_V
ｵ_C50   1.00000000 -0.2756235  0.09826776  0.5502417  0.2087939
ｵ_Cl   -0.27562346  1.0000000 -0.17178705 -0.2955395 -0.3353400
ｵ_ka    0.09826776 -0.1717870  1.00000000  0.1451176  0.3108635
ｵ_kout  0.55024167 -0.2955395  0.14511761  1.0000000  0.3253340
ｵ_V     0.20879394 -0.3353400  0.31086346  0.3253340  1.0000000

**** Variance components 

                      <U+03C9>ｲ_C50         <U+03C9>ｲ_Cl         <U+03C9>ｲ_ka        <U+03C9>ｲ_kout        <U+03C9>ｲ_Rin         <U+03C9>ｲ_V s_inter_RespPK s_slope_RespPK
<U+03C9>ｲ_C50          1.0000000000 -0.0138175627 -0.0001334377   -0.022585995 -0.5106620041  0.007260422   0.0030163144   -0.005028546
<U+03C9>ｲ_Cl          -0.0138175627  1.0000000000 -0.0002441053   -0.004837638  0.0050971336 -0.039729474   0.0813340701   -0.120762031
<U+03C9>ｲ_ka          -0.0001334377 -0.0002441053  1.0000000000    0.001861769 -0.0005176067 -0.054955588  -0.0939236205    0.058463004
<U+03C9>ｲ_kout        -0.0225859955 -0.0048376376  0.0018617686    1.000000000 -0.3099531248 -0.040885569  -0.0026489364    0.004366191
<U+03C9>ｲ_Rin         -0.5106620041  0.0050971336 -0.0005176067   -0.309953125  1.0000000000  0.009203891   0.0009082147   -0.001147848
<U+03C9>ｲ_V            0.0072604222 -0.0397294744 -0.0549555884   -0.040885569  0.0092038908  1.000000000  -0.0107149749   -0.042197242
s_inter_RespPK  0.0030163144  0.0813340701 -0.0939236205   -0.002648936  0.0009082147 -0.010714975   1.0000000000   -0.917120601
s_slope_RespPK -0.0050285460 -0.1207620308  0.0584630044    0.004366191 -0.0011478484 -0.042197242  -0.9171206009    1.000000000
s_inter_RespPD -0.1960254678 -0.0147118231  0.0004943570   -0.197103331  0.1583996022 -0.011123420   0.0010552343   -0.001423892
               s_inter_RespPD
<U+03C9>ｲ_C50           -0.196025468
<U+03C9>ｲ_Cl            -0.014711823
<U+03C9>ｲ_ka             0.000494357
<U+03C9>ｲ_kout          -0.197103331
<U+03C9>ｲ_Rin            0.158399602
<U+03C9>ｲ_V             -0.011123420
s_inter_RespPK    0.001055234
s_slope_RespPK   -0.001423892
s_inter_RespPD    1.000000000

**********************************************
Determinant, condition numbers and D-criterion 
**********************************************

                                       Value
Determinant                     5.409288e+36
Cond number fixed effects       2.103608e+04
Cond number variance components 6.334667e+02
D-criterion                     4.205288e+02

**********
Shrinkage 
**********

NULL

**********
SE and RSE 
**********

               Value          SE     RSE (%)
ｵ_C50           1.20 0.150228598   12.519050
ｵ_Cl            0.13 0.007775784    5.981372
ｵ_ka            1.60 0.311585547   19.474097
ｵ_kout          0.06 0.003260378    5.433963
ｵ_V             8.00 0.343209601    4.290120
<U+03C9>ｲ_C50          0.01 0.103828770 1038.287703
<U+03C9>ｲ_Cl           0.06 0.024020245   40.033741
<U+03C9>ｲ_ka           0.70 0.274674901   39.239272
<U+03C9>ｲ_kout         0.01 0.016697167  166.971667
<U+03C9>ｲ_Rin          0.20 0.070333499   35.166750
<U+03C9>ｲ_V            0.02 0.011587162   57.935809
s_inter_RespPK  0.60 0.076587841   12.764640
s_slope_RespPK  0.07 0.033275497   47.536424
s_inter_RespPD  4.00 0.220345202    5.508630

*************************

Design: design2

*************************

*************************
Fisher information matrix 
*************************

**** Fixed effect 

               ｵ_C50        ｵ_Cl         ｵ_ka       ｵ_kout           ｵ_V
ｵ_C50   6.485217e+01   154.84341  -0.08406454  -1534.45423    0.01546817
ｵ_Cl    1.548434e+02 19945.12384  31.44058161   5922.10947  110.20551731
ｵ_ka   -8.406454e-02    31.44058  11.48066866    -36.24525   -2.88150184
ｵ_kout -1.534454e+03  5922.10947 -36.24524806 146461.35640 -257.18832205
ｵ_V     1.546817e-02   110.20552  -2.88150184   -257.18832   10.93342703

**** Variance components 

                      <U+03C9>ｲ_C50        <U+03C9>ｲ_Cl        <U+03C9>ｲ_ka        <U+03C9>ｲ_kout        <U+03C9>ｲ_Rin         <U+03C9>ｲ_V s_inter_RespPK s_slope_RespPK
<U+03C9>ｲ_C50          1.362680e+02    9.1170569 4.070504e-04    190.7185337  1.118861e+02 3.445404e-04      2.1680254       7.455059
<U+03C9>ｲ_Cl           9.117057e+00 1775.2802012 6.682329e-01     33.3397312  3.970008e+00 2.052548e+02    113.4408078     397.028173
<U+03C9>ｲ_ka           4.070504e-04    0.6682329 1.349691e+01      0.1891754  3.036587e-03 2.125582e+01     13.3177431      21.968863
<U+03C9>ｲ_kout         1.907185e+02   33.3397312 1.891754e-01   4343.8131059  4.328135e+02 2.381250e+02      8.4677833      19.287462
<U+03C9>ｲ_Rin          1.118861e+02    3.9700079 3.036587e-03    432.8134649  3.179742e+02 1.601687e+00      1.2957173       4.688883
<U+03C9>ｲ_V            3.445404e-04  205.2548272 2.125582e+01    238.1249988  1.601687e+00 7.650549e+03    390.8281848     944.599878
s_inter_RespPK  2.168025e+00  113.4408078 1.331774e+01      8.4677833  1.295717e+00 3.908282e+02   1110.0731909    2352.452129
s_slope_RespPK  7.455059e+00  397.0281730 2.196886e+01     19.2874623  4.688883e+00 9.445999e+02   2352.4521293    5906.850928
s_inter_RespPD  9.793912e+00    4.1499135 7.736484e-03     60.8058647  7.301505e-01 8.326642e+00      0.7622515       2.322672
               s_inter_RespPD
<U+03C9>ｲ_C50            9.793912339
<U+03C9>ｲ_Cl             4.149913481
<U+03C9>ｲ_ka             0.007736484
<U+03C9>ｲ_kout          60.805864666
<U+03C9>ｲ_Rin            0.730150533
<U+03C9>ｲ_V              8.326642276
s_inter_RespPK    0.762251453
s_slope_RespPK    2.322672062
s_inter_RespPD   22.384143440

******************
Correlation matrix  
******************

**** Fixed effect 

             ｵ_C50       ｵ_Cl        ｵ_ka     ｵ_kout        ｵ_V
ｵ_C50   1.00000000 -0.2756235  0.09826776  0.5502417  0.2087939
ｵ_Cl   -0.27562346  1.0000000 -0.17178705 -0.2955395 -0.3353400
ｵ_ka    0.09826776 -0.1717870  1.00000000  0.1451176  0.3108635
ｵ_kout  0.55024167 -0.2955395  0.14511761  1.0000000  0.3253340
ｵ_V     0.20879394 -0.3353400  0.31086346  0.3253340  1.0000000

**** Variance components 

                      <U+03C9>ｲ_C50         <U+03C9>ｲ_Cl         <U+03C9>ｲ_ka        <U+03C9>ｲ_kout        <U+03C9>ｲ_Rin         <U+03C9>ｲ_V s_inter_RespPK s_slope_RespPK
<U+03C9>ｲ_C50          1.0000000000 -0.0138175627 -0.0001334377   -0.022585995 -0.5106620041  0.007260422   0.0030163144   -0.005028546
<U+03C9>ｲ_Cl          -0.0138175627  1.0000000000 -0.0002441053   -0.004837638  0.0050971336 -0.039729474   0.0813340701   -0.120762031
<U+03C9>ｲ_ka          -0.0001334377 -0.0002441053  1.0000000000    0.001861769 -0.0005176067 -0.054955588  -0.0939236205    0.058463004
<U+03C9>ｲ_kout        -0.0225859955 -0.0048376376  0.0018617686    1.000000000 -0.3099531248 -0.040885569  -0.0026489364    0.004366191
<U+03C9>ｲ_Rin         -0.5106620041  0.0050971336 -0.0005176067   -0.309953125  1.0000000000  0.009203891   0.0009082147   -0.001147848
<U+03C9>ｲ_V            0.0072604222 -0.0397294744 -0.0549555884   -0.040885569  0.0092038908  1.000000000  -0.0107149749   -0.042197242
s_inter_RespPK  0.0030163144  0.0813340701 -0.0939236205   -0.002648936  0.0009082147 -0.010714975   1.0000000000   -0.917120601
s_slope_RespPK -0.0050285460 -0.1207620308  0.0584630044    0.004366191 -0.0011478484 -0.042197242  -0.9171206009    1.000000000
s_inter_RespPD -0.1960254678 -0.0147118231  0.0004943570   -0.197103331  0.1583996022 -0.011123420   0.0010552343   -0.001423892
               s_inter_RespPD
<U+03C9>ｲ_C50           -0.196025468
<U+03C9>ｲ_Cl            -0.014711823
<U+03C9>ｲ_ka             0.000494357
<U+03C9>ｲ_kout          -0.197103331
<U+03C9>ｲ_Rin            0.158399602
<U+03C9>ｲ_V             -0.011123420
s_inter_RespPK    0.001055234
s_slope_RespPK   -0.001423892
s_inter_RespPD    1.000000000

**********************************************
Determinant, condition numbers and D-criterion 
**********************************************

                                       Value
Determinant                     5.409288e+36
Cond number fixed effects       2.103608e+04
Cond number variance components 6.334667e+02
D-criterion                     4.205288e+02

**********
Shrinkage 
**********

NULL

**********
SE and RSE 
**********

               Value          SE     RSE (%)
ｵ_C50           1.20 0.150228598   12.519050
ｵ_Cl            0.13 0.007775784    5.981372
ｵ_ka            1.60 0.311585547   19.474097
ｵ_kout          0.06 0.003260378    5.433963
ｵ_V             8.00 0.343209601    4.290120
<U+03C9>ｲ_C50          0.01 0.103828770 1038.287703
<U+03C9>ｲ_Cl           0.06 0.024020245   40.033741
<U+03C9>ｲ_ka           0.70 0.274674901   39.239272
<U+03C9>ｲ_kout         0.01 0.016697167  166.971667
<U+03C9>ｲ_Rin          0.20 0.070333499   35.166750
<U+03C9>ｲ_V            0.02 0.011587162   57.935809
s_inter_RespPK  0.60 0.076587841   12.764640
s_slope_RespPK  0.07 0.033275497   47.536424
s_inter_RespPD  4.00 0.220345202    5.508630

$design1
$design1$BrasTest1
$design1$BrasTest1$RespPK

$design1$BrasTest1$RespPD



$design2
$design2$BrasTest1
$design2$BrasTest1$RespPK

$design2$BrasTest1$RespPD



$design1
$design1$BrasTest1
$design1$BrasTest1$RespPK
$design1$BrasTest1$RespPK$C50

$design1$BrasTest1$RespPK$Cl

$design1$BrasTest1$RespPK$ka

$design1$BrasTest1$RespPK$kout

$design1$BrasTest1$RespPK$Rin

$design1$BrasTest1$RespPK$V


$design1$BrasTest1$RespPD
$design1$BrasTest1$RespPD$C50

$design1$BrasTest1$RespPD$Cl

$design1$BrasTest1$RespPD$ka

$design1$BrasTest1$RespPD$kout

$design1$BrasTest1$RespPD$Rin

$design1$BrasTest1$RespPD$V




$design2
$design2$BrasTest1
$design2$BrasTest1$RespPK
$design2$BrasTest1$RespPK$C50

$design2$BrasTest1$RespPK$Cl

$design2$BrasTest1$RespPK$ka

$design2$BrasTest1$RespPK$kout

$design2$BrasTest1$RespPK$Rin

$design2$BrasTest1$RespPK$V


$design2$BrasTest1$RespPD
$design2$BrasTest1$RespPD$C50

$design2$BrasTest1$RespPD$Cl

$design2$BrasTest1$RespPD$ka

$design2$BrasTest1$RespPD$kout

$design2$BrasTest1$RespPD$Rin

$design2$BrasTest1$RespPD$V




$design1

$design2

$design1

$design2

  |                                                                                               |                                                                                       |   0%  |                                                                                               |...                                                                                    |   3%                                          |                                                                                               |.....                                                                                  |   6% [setup]                                  |                                                                                               |........                                                                               |   9%                                          |                                                                                               |...........                                                                            |  12% [modelOutputs]                           |                                                                                               |..............                                                                         |  16%                                          |                                                                                               |................                                                                       |  19% [modelEquations]                         |                                                                                               |...................                                                                    |  22%                                          |                                                                                               |......................                                                                 |  25% [modelError]                             |                                                                                               |........................                                                               |  28%                                          |                                                                                               |...........................                                                            |  31% [modelParameters]                        |                                                                                               |..............................                                                         |  34%                                          |                                                                                               |.................................                                                      |  38% [initialDesignParameters]                |                                                                                               |...................................                                                    |  41%                                          |                                                                                               |......................................                                                 |  44% [administrationParameters]               |                                                                                               |.........................................                                              |  47%                                          |                                                                                               |............................................                                           |  50% [FIMFixedEffectsTable]                   |                                                                                               |..............................................                                         |  53%                                          |                                                                                               |.................................................                                      |  56% [FIMVarianceEffectsTable]                |                                                                                               |....................................................                                   |  59%                                          |                                                                                               |......................................................                                 |  62% [correlationMatrixFixedEffectsTable]     |                                                                                               |.........................................................                              |  66%                                          |                                                                                               |............................................................                           |  69% [correlationMatrixVarianceEffectsTable]  |                                                                                               |...............................................................                        |  72%                                          |                                                                                               |.................................................................                      |  75% [criteriaFimTable]                       |                                                                                               |....................................................................                   |  78%                                          |                                                                                               |.......................................................................                |  81% [SEandRSETable]                          |                                                                                               |.........................................................................              |  84%                                          |                                                                                               |............................................................................           |  88% [plotOutcomesEvaluation]                 |                                                                                               |...............................................................................        |  91%                                          |                                                                                               |..................................................................................     |  94% [plotOutcomesGradient]                   |                                                                                               |....................................................................................   |  97%                                          |                                                                                               |.......................................................................................| 100% [plotSEandRSE]                                                                                                                                                                                                                    
"C:/Program Files/RStudio/resources/app/bin/quarto/bin/tools/pandoc" +RTS -K512m -RTS templateEvaluationPopulationFim.knit.md --to html4 --from markdown+autolink_bare_uris+tex_math_single_backslash --output pandoc24504525ef3.html --lua-filter "C:\Users\luf59577\AppData\Local\R\win-library\4.3\rmarkdown\rmarkdown\lua\pagebreak.lua" --lua-filter "C:\Users\luf59577\AppData\Local\R\win-library\4.3\rmarkdown\rmarkdown\lua\latex-div.lua" --embed-resources --standalone --variable bs3=TRUE --section-divs --template "C:\Users\luf59577\AppData\Local\R\win-library\4.3\rmarkdown\rmd\h\default.html" --no-highlight --variable highlightjs=1 --variable theme=bootstrap --mathjax --variable "mathjax-url=https://mathjax.rstudio.com/latest/MathJax.js?config=TeX-AMS-MML_HTMLorMML" --include-in-header "C:\Users\luf59577\AppData\Local\Temp\4\RtmpIlJH84\rmarkdown-str24507ccd4bd4.html" 
*************************

Design: design1

*************************

*************************
Fisher information matrix 
*************************

**** Fixed effect 

               ﾎｼ_C50        ﾎｼ_Cl         ﾎｼ_ka       ﾎｼ_kout           ﾎｼ_V
ﾎｼ_C50   6.485217e+01   154.84341  -0.08406454  -1534.45423    0.01546817
ﾎｼ_Cl    1.548434e+02 19945.12384  31.44058161   5922.10947  110.20551731
ﾎｼ_ka   -8.406454e-02    31.44058  11.48066866    -36.24525   -2.88150184
ﾎｼ_kout -1.534454e+03  5922.10947 -36.24524806 146461.35640 -257.18832205
ﾎｼ_V     1.546817e-02   110.20552  -2.88150184   -257.18832   10.93342703

**** Variance components 

                     ﾏ可ｲ_C50        ﾏ可ｲ_Cl        ﾏ可ｲ_ka      ﾏ可ｲ_kout       ﾏ可ｲ_Rin         ﾏ可ｲ_V ﾏダinter_RespPK ﾏダslope_RespPK ﾏダinter_RespPD
ﾏ可ｲ_C50         1.362680e+02    9.1170569 4.070504e-04  190.7185337 1.118861e+02 3.445404e-04      2.1680254       7.455059    9.793912339
ﾏ可ｲ_Cl          9.117057e+00 1775.2802012 6.682329e-01   33.3397312 3.970008e+00 2.052548e+02    113.4408078     397.028173    4.149913481
ﾏ可ｲ_ka          4.070504e-04    0.6682329 1.349691e+01    0.1891754 3.036587e-03 2.125582e+01     13.3177431      21.968863    0.007736484
ﾏ可ｲ_kout        1.907185e+02   33.3397312 1.891754e-01 4343.8131059 4.328135e+02 2.381250e+02      8.4677833      19.287462   60.805864666
ﾏ可ｲ_Rin         1.118861e+02    3.9700079 3.036587e-03  432.8134649 3.179742e+02 1.601687e+00      1.2957173       4.688883    0.730150533
ﾏ可ｲ_V           3.445404e-04  205.2548272 2.125582e+01  238.1249988 1.601687e+00 7.650549e+03    390.8281848     944.599878    8.326642276
ﾏダinter_RespPK 2.168025e+00  113.4408078 1.331774e+01    8.4677833 1.295717e+00 3.908282e+02   1110.0731909    2352.452129    0.762251453
ﾏダslope_RespPK 7.455059e+00  397.0281730 2.196886e+01   19.2874623 4.688883e+00 9.445999e+02   2352.4521293    5906.850928    2.322672062
ﾏダinter_RespPD 9.793912e+00    4.1499135 7.736484e-03   60.8058647 7.301505e-01 8.326642e+00      0.7622515       2.322672   22.384143440

******************
Correlation matrix  
******************

**** Fixed effect 

              ﾎｼ_C50       ﾎｼ_Cl         ﾎｼ_ka      ﾎｼ_kout          ﾎｼ_V
ﾎｼ_C50   1.000000000 0.13614826 -0.003080825 -0.49788628  0.000580896
ﾎｼ_Cl    0.136148261 1.00000000  0.065703516  0.10957123  0.235997180
ﾎｼ_ka   -0.003080825 0.06570352  1.000000000 -0.02795155 -0.257191822
ﾎｼ_kout -0.497886284 0.10957123 -0.027951554  1.00000000 -0.203241113
ﾎｼ_V     0.000580896 0.23599718 -0.257191822 -0.20324111  1.000000000

**** Variance components 

                     ﾏ可ｲ_C50       ﾏ可ｲ_Cl        ﾏ可ｲ_ka      ﾏ可ｲ_kout       ﾏ可ｲ_Rin         ﾏ可ｲ_V ﾏダinter_RespPK ﾏダslope_RespPK ﾏダinter_RespPD
ﾏ可ｲ_C50         1.000000e+00 0.018536349 9.491482e-06 0.2478907515 5.375058e-01 3.374402e-07    0.005574316    0.008309522   0.1773327558
ﾏ可ｲ_Cl          1.853635e-02 1.000000000 4.316952e-03 0.0120058544 5.283990e-03 5.569467e-02    0.080809059    0.122605475   0.0208178247
ﾏ可ｲ_ka          9.491482e-06 0.004316952 1.000000e+00 0.0007812894 4.635244e-05 6.614763e-02    0.108802197    0.077805879   0.0004450986
ﾏ可ｲ_kout        2.478908e-01 0.012005854 7.812894e-04 1.0000000000 3.682725e-01 4.130695e-02    0.003856189    0.003807689   0.1950022681
ﾏ可ｲ_Rin         5.375058e-01 0.005283990 4.635244e-05 0.3682724600 1.000000e+00 1.026917e-03    0.002180914    0.003421333   0.0086545843
ﾏ可ｲ_V           3.374402e-07 0.055694669 6.614763e-02 0.0413069498 1.026917e-03 1.000000e+00    0.134110805    0.140515289   0.0201211764
ﾏダinter_RespPK 5.574316e-03 0.080809059 1.088022e-01 0.0038561895 2.180914e-03 1.341108e-01    1.000000000    0.918685755   0.0048356205
ﾏダslope_RespPK 8.309522e-03 0.122605475 7.780588e-02 0.0038076894 3.421333e-03 1.405153e-01    0.918685755    1.000000000   0.0063876285
ﾏダinter_RespPD 1.773328e-01 0.020817825 4.450986e-04 0.1950022681 8.654584e-03 2.012118e-02    0.004835621    0.006387629   1.0000000000

**********************************************
Determinant, condition numbers and D-criterion 
**********************************************

                                       Value
Determinant                     5.409288e+36
Cond number fixed effects       2.103608e+04
Cond number variance components 6.334667e+02
D-criterion                     4.205288e+02

**********
Shrinkage 
**********

NULL

**********
SE and RSE 
**********

               Value          SE     RSE (%)
ﾎｼ_C50           1.20 0.150228598   12.519050
ﾎｼ_Cl            0.13 0.007775784    5.981372
ﾎｼ_ka            1.60 0.311585547   19.474097
ﾎｼ_kout          0.06 0.003260378    5.433963
ﾎｼ_V             8.00 0.343209601    4.290120
ﾏ可ｲ_C50          0.01 0.103828770 1038.287703
ﾏ可ｲ_Cl           0.06 0.024020245   40.033741
ﾏ可ｲ_ka           0.70 0.274674901   39.239272
ﾏ可ｲ_kout         0.01 0.016697167  166.971667
ﾏ可ｲ_Rin          0.20 0.070333499   35.166750
ﾏ可ｲ_V            0.02 0.011587162   57.935809
ﾏダinter_RespPK  0.60 0.076587841   12.764640
ﾏダslope_RespPK  0.07 0.033275497   47.536424
ﾏダinter_RespPD  4.00 0.220345202    5.508630

*************************

Design: design2

*************************

*************************
Fisher information matrix 
*************************

**** Fixed effect 

               ﾎｼ_C50        ﾎｼ_Cl         ﾎｼ_ka       ﾎｼ_kout           ﾎｼ_V
ﾎｼ_C50   6.485217e+01   154.84341  -0.08406454  -1534.45423    0.01546817
ﾎｼ_Cl    1.548434e+02 19945.12384  31.44058161   5922.10947  110.20551731
ﾎｼ_ka   -8.406454e-02    31.44058  11.48066866    -36.24525   -2.88150184
ﾎｼ_kout -1.534454e+03  5922.10947 -36.24524806 146461.35640 -257.18832205
ﾎｼ_V     1.546817e-02   110.20552  -2.88150184   -257.18832   10.93342703

**** Variance components 

                     ﾏ可ｲ_C50        ﾏ可ｲ_Cl        ﾏ可ｲ_ka      ﾏ可ｲ_kout       ﾏ可ｲ_Rin         ﾏ可ｲ_V ﾏダinter_RespPK ﾏダslope_RespPK ﾏダinter_RespPD
ﾏ可ｲ_C50         1.362680e+02    9.1170569 4.070504e-04  190.7185337 1.118861e+02 3.445404e-04      2.1680254       7.455059    9.793912339
ﾏ可ｲ_Cl          9.117057e+00 1775.2802012 6.682329e-01   33.3397312 3.970008e+00 2.052548e+02    113.4408078     397.028173    4.149913481
ﾏ可ｲ_ka          4.070504e-04    0.6682329 1.349691e+01    0.1891754 3.036587e-03 2.125582e+01     13.3177431      21.968863    0.007736484
ﾏ可ｲ_kout        1.907185e+02   33.3397312 1.891754e-01 4343.8131059 4.328135e+02 2.381250e+02      8.4677833      19.287462   60.805864666
ﾏ可ｲ_Rin         1.118861e+02    3.9700079 3.036587e-03  432.8134649 3.179742e+02 1.601687e+00      1.2957173       4.688883    0.730150533
ﾏ可ｲ_V           3.445404e-04  205.2548272 2.125582e+01  238.1249988 1.601687e+00 7.650549e+03    390.8281848     944.599878    8.326642276
ﾏダinter_RespPK 2.168025e+00  113.4408078 1.331774e+01    8.4677833 1.295717e+00 3.908282e+02   1110.0731909    2352.452129    0.762251453
ﾏダslope_RespPK 7.455059e+00  397.0281730 2.196886e+01   19.2874623 4.688883e+00 9.445999e+02   2352.4521293    5906.850928    2.322672062
ﾏダinter_RespPD 9.793912e+00    4.1499135 7.736484e-03   60.8058647 7.301505e-01 8.326642e+00      0.7622515       2.322672   22.384143440

******************
Correlation matrix  
******************

**** Fixed effect 

              ﾎｼ_C50       ﾎｼ_Cl         ﾎｼ_ka      ﾎｼ_kout          ﾎｼ_V
ﾎｼ_C50   1.000000000 0.13614826 -0.003080825 -0.49788628  0.000580896
ﾎｼ_Cl    0.136148261 1.00000000  0.065703516  0.10957123  0.235997180
ﾎｼ_ka   -0.003080825 0.06570352  1.000000000 -0.02795155 -0.257191822
ﾎｼ_kout -0.497886284 0.10957123 -0.027951554  1.00000000 -0.203241113
ﾎｼ_V     0.000580896 0.23599718 -0.257191822 -0.20324111  1.000000000

**** Variance components 

                     ﾏ可ｲ_C50       ﾏ可ｲ_Cl        ﾏ可ｲ_ka      ﾏ可ｲ_kout       ﾏ可ｲ_Rin         ﾏ可ｲ_V ﾏダinter_RespPK ﾏダslope_RespPK ﾏダinter_RespPD
ﾏ可ｲ_C50         1.000000e+00 0.018536349 9.491482e-06 0.2478907515 5.375058e-01 3.374402e-07    0.005574316    0.008309522   0.1773327558
ﾏ可ｲ_Cl          1.853635e-02 1.000000000 4.316952e-03 0.0120058544 5.283990e-03 5.569467e-02    0.080809059    0.122605475   0.0208178247
ﾏ可ｲ_ka          9.491482e-06 0.004316952 1.000000e+00 0.0007812894 4.635244e-05 6.614763e-02    0.108802197    0.077805879   0.0004450986
ﾏ可ｲ_kout        2.478908e-01 0.012005854 7.812894e-04 1.0000000000 3.682725e-01 4.130695e-02    0.003856189    0.003807689   0.1950022681
ﾏ可ｲ_Rin         5.375058e-01 0.005283990 4.635244e-05 0.3682724600 1.000000e+00 1.026917e-03    0.002180914    0.003421333   0.0086545843
ﾏ可ｲ_V           3.374402e-07 0.055694669 6.614763e-02 0.0413069498 1.026917e-03 1.000000e+00    0.134110805    0.140515289   0.0201211764
ﾏダinter_RespPK 5.574316e-03 0.080809059 1.088022e-01 0.0038561895 2.180914e-03 1.341108e-01    1.000000000    0.918685755   0.0048356205
ﾏダslope_RespPK 8.309522e-03 0.122605475 7.780588e-02 0.0038076894 3.421333e-03 1.405153e-01    0.918685755    1.000000000   0.0063876285
ﾏダinter_RespPD 1.773328e-01 0.020817825 4.450986e-04 0.1950022681 8.654584e-03 2.012118e-02    0.004835621    0.006387629   1.0000000000

**********************************************
Determinant, condition numbers and D-criterion 
**********************************************

                                       Value
Determinant                     5.409288e+36
Cond number fixed effects       2.103608e+04
Cond number variance components 6.334667e+02
D-criterion                     4.205288e+02

**********
Shrinkage 
**********

NULL

**********
SE and RSE 
**********

               Value          SE     RSE (%)
ﾎｼ_C50           1.20 0.150228598   12.519050
ﾎｼ_Cl            0.13 0.007775784    5.981372
ﾎｼ_ka            1.60 0.311585547   19.474097
ﾎｼ_kout          0.06 0.003260378    5.433963
ﾎｼ_V             8.00 0.343209601    4.290120
ﾏ可ｲ_C50          0.01 0.103828770 1038.287703
ﾏ可ｲ_Cl           0.06 0.024020245   40.033741
ﾏ可ｲ_ka           0.70 0.274674901   39.239272
ﾏ可ｲ_kout         0.01 0.016697167  166.971667
ﾏ可ｲ_Rin          0.20 0.070333499   35.166750
ﾏ可ｲ_V            0.02 0.011587162   57.935809
ﾏダinter_RespPK  0.60 0.076587841   12.764640
ﾏダslope_RespPK  0.07 0.033275497   47.536424
ﾏダinter_RespPD  4.00 0.220345202    5.508630

$design1
$design1$BrasTest1
$design1$BrasTest1$RespPK

$design1$BrasTest1$RespPD



$design2
$design2$BrasTest1
$design2$BrasTest1$RespPK

$design2$BrasTest1$RespPD



$design1
$design1$BrasTest1
$design1$BrasTest1$RespPK
$design1$BrasTest1$RespPK$C50

$design1$BrasTest1$RespPK$Cl

$design1$BrasTest1$RespPK$ka

$design1$BrasTest1$RespPK$kout

$design1$BrasTest1$RespPK$Rin

$design1$BrasTest1$RespPK$V


$design1$BrasTest1$RespPD
$design1$BrasTest1$RespPD$C50

$design1$BrasTest1$RespPD$Cl

$design1$BrasTest1$RespPD$ka

$design1$BrasTest1$RespPD$kout

$design1$BrasTest1$RespPD$Rin

$design1$BrasTest1$RespPD$V




$design2
$design2$BrasTest1
$design2$BrasTest1$RespPK
$design2$BrasTest1$RespPK$C50

$design2$BrasTest1$RespPK$Cl

$design2$BrasTest1$RespPK$ka

$design2$BrasTest1$RespPK$kout

$design2$BrasTest1$RespPK$Rin

$design2$BrasTest1$RespPK$V


$design2$BrasTest1$RespPD
$design2$BrasTest1$RespPD$C50

$design2$BrasTest1$RespPD$Cl

$design2$BrasTest1$RespPD$ka

$design2$BrasTest1$RespPD$kout

$design2$BrasTest1$RespPD$Rin

$design2$BrasTest1$RespPD$V




$design1

$design2

$design1

$design2

