*************************

Design: design1

*************************

*************************
Fisher information matrix 
*************************

**** Fixed effect 

              µ_C50          µ_Cl       µ_Imax        µ_ka        µ_S0
µ_C50  193.27974429  3.347940e+02 -38.55998051  0.22239638  0.02190129
µ_Cl   334.79400843  1.963056e+05 -14.33961943 90.61347410  0.03257849
µ_Imax -38.55998051 -1.433962e+01 665.33856074 -0.02364979 -0.07259704
µ_ka     0.22239638  9.061347e+01  -0.02364979 15.32380027  0.00002298
µ_S0     0.02190129  3.257849e-02  -0.07259704  0.00002298  0.30770187

**** Variance components 

                      <U+03C9>²_C50        <U+03C9>²_Cl        <U+03C9>²_Imax        <U+03C9>²_ka        <U+03C9>²_S0         <U+03C9>²_V s_inter_RespPK s_slope_RespPK
<U+03C9>²_C50          4.875155e-01 8.553816e-01   3.577974e-01 5.717593e-05 2.165994e-03 7.372417e-01   2.763066e-03   2.568193e-02
<U+03C9>²_Cl           8.553816e-01 1.719723e+05   2.893528e-02 5.550502e+00 2.802649e-03 2.051876e+04   1.607582e+03   1.547523e+04
<U+03C9>²_Imax         3.577974e-01 2.893528e-02   1.964250e+03 1.192231e-05 4.388373e-01 6.111854e-02   1.099049e-04   1.152878e-03
<U+03C9>²_ka           5.717593e-05 5.550502e+00   1.192231e-05 2.404545e+01 2.112322e-07 1.036932e+03   2.660931e+01   3.129942e+02
<U+03C9>²_S0           2.165994e-03 2.802649e-03   4.388373e-01 2.112322e-07 1.479382e+05 1.890428e-03   9.075683e-06   8.476830e-05
<U+03C9>²_V            7.372417e-01 2.051876e+04   6.111854e-02 1.036932e+03 1.890428e-03 1.320284e+06   5.451998e+03   6.678356e+04
s_inter_RespPK  2.763066e-03 1.607582e+03   1.099049e-04 2.660931e+01 9.075683e-06 5.451998e+03   4.304626e+02   2.975078e+03
s_slope_RespPK  2.568193e-02 1.547523e+04   1.152878e-03 3.129942e+02 8.476830e-05 6.678356e+04   2.975078e+03   3.701417e+04
s_inter_RespPD  2.516684e+00 7.089184e+00   3.170103e-01 1.637551e-03 5.908690e+01 1.040410e+01   2.285248e-02   2.103420e-01
               s_inter_RespPD
<U+03C9>²_C50           2.516684e+00
<U+03C9>²_Cl            7.089184e+00
<U+03C9>²_Imax          3.170103e-01
<U+03C9>²_ka            1.637551e-03
<U+03C9>²_S0            5.908690e+01
<U+03C9>²_V             1.040410e+01
s_inter_RespPK   2.285248e-02
s_slope_RespPK   2.103420e-01
s_inter_RespPD   1.093482e+02

******************
Correlation matrix  
******************

**** Fixed effect 

              µ_C50          µ_Cl        µ_Imax          µ_ka          µ_S0
µ_C50   1.000000000 -5.439482e-02  1.076064e-01 -1.239442e-03 -2.304335e-03
µ_Cl   -0.054394819  1.000000e+00 -4.618747e-03 -5.209976e-02 -3.420665e-07
µ_Imax  0.107606445 -4.618747e-03  1.000000e+00  3.452791e-05  4.796193e-03
µ_ka   -0.001239442 -5.209976e-02  3.452791e-05  1.000000e+00  5.052335e-08
µ_S0   -0.002304335 -3.420665e-07  4.796193e-03  5.052335e-08  1.000000e+00

**** Variance components 

                      <U+03C9>²_C50         <U+03C9>²_Cl        <U+03C9>²_Imax         <U+03C9>²_ka         <U+03C9>²_S0          <U+03C9>²_V s_inter_RespPK s_slope_RespPK
<U+03C9>²_C50          1.000000e+00 -2.574292e-03  -1.206628e-02 -5.929962e-05  5.386873e-03 -6.759846e-04   1.100078e-04   2.926650e-04
<U+03C9>²_Cl          -2.574292e-03  1.000000e+00   3.059989e-05  6.693017e-02  1.049880e-05  1.073192e-02  -6.635271e-02  -9.653569e-02
<U+03C9>²_Imax        -1.206628e-02  3.059989e-05   1.000000e+00  7.295835e-07 -8.069441e-05  7.532528e-06  -1.294309e-06  -3.413580e-06
<U+03C9>²_ka          -5.929962e-05  6.693017e-02   7.295835e-07  1.000000e+00  5.610576e-08 -9.216044e-02  -2.661165e-02  -1.965872e-01
<U+03C9>²_S0           5.386873e-03  1.049880e-05  -8.069441e-05  5.610576e-08  1.000000e+00  9.531930e-06  -4.653831e-07  -2.533860e-06
<U+03C9>²_V           -6.759846e-04  1.073192e-02   7.532528e-06 -9.216044e-02  9.531930e-06  1.000000e+00  -4.159758e-03  -1.805840e-01
s_inter_RespPK  1.100078e-04 -6.635271e-02  -1.294309e-06 -2.661165e-02 -4.653831e-07 -4.159758e-03   1.000000e+00  -6.994912e-01
s_slope_RespPK  2.926650e-04 -9.653569e-02  -3.413580e-06 -1.965872e-01 -2.533860e-06 -1.805840e-01  -6.994912e-01   1.000000e+00
s_inter_RespPD -3.447388e-01 -6.706231e-04   3.517961e-03 -3.586252e-06 -1.564710e-02 -6.089896e-04   2.972741e-05   1.618793e-04
               s_inter_RespPD
<U+03C9>²_C50          -3.447388e-01
<U+03C9>²_Cl           -6.706231e-04
<U+03C9>²_Imax          3.517961e-03
<U+03C9>²_ka           -3.586252e-06
<U+03C9>²_S0           -1.564710e-02
<U+03C9>²_V            -6.089896e-04
s_inter_RespPK   2.972741e-05
s_slope_RespPK   1.618793e-04
s_inter_RespPD   1.000000e+00

**********************************************
Determinant, condition numbers and D-criterion 
**********************************************

                                       Value
Determinant                     4.716653e+40
Cond number fixed effects       6.379951e+05
Cond number variance components 3.084579e+06
D-criterion                     8.040065e+02

**********
Shrinkage 
**********

NULL

**********
SE and RSE 
**********

                 Value           SE     RSE (%)
µ_C50          1.7e-01 0.0724570097   42.621770
µ_Cl           1.3e-01 0.0022634506    1.741116
µ_Imax         7.3e-01 0.0389954235    5.341839
µ_ka           1.6e+00 0.2558059352   15.987871
µ_S0           1.0e+02 1.8027756376    1.802776
<U+03C9>²_C50         4.9e-01 1.5258462292  311.397190
<U+03C9>²_Cl          3.6e-03 0.0024691467   68.587408
<U+03C9>²_Imax        9.0e-02 0.0225648937   25.072104
<U+03C9>²_ka          1.0e-02 0.2176619862 2176.619862
<U+03C9>²_S0          1.0e-02 0.0026002376   26.002376
<U+03C9>²_V           4.0e-04 0.0009170006  229.250145
s_inter_RespPK 6.0e-01 0.0724727468   12.078791
s_slope_RespPK 7.0e-02 0.0081498711   11.642673
s_inter_RespPD 2.0e+00 0.1018862954    5.094315

$design1
$design1$BrasTest
$design1$BrasTest$RespPK

$design1$BrasTest$RespPD



$design1
$design1$BrasTest
$design1$BrasTest$RespPK
$design1$BrasTest$RespPK$C50

$design1$BrasTest$RespPK$Cl

$design1$BrasTest$RespPK$Imax

$design1$BrasTest$RespPK$ka

$design1$BrasTest$RespPK$S0

$design1$BrasTest$RespPK$V


$design1$BrasTest$RespPD
$design1$BrasTest$RespPD$C50

$design1$BrasTest$RespPD$Cl

$design1$BrasTest$RespPD$Imax

$design1$BrasTest$RespPD$ka

$design1$BrasTest$RespPD$S0

$design1$BrasTest$RespPD$V




$design1

$design1

  |                                                                                               |                                                                                       |   0%  |                                                                                               |...                                                                                    |   3%                                          |                                                                                               |.....                                                                                  |   6% [setup]                                  |                                                                                               |........                                                                               |   9%                                          |                                                                                               |...........                                                                            |  12% [modelOutputs]                           |                                                                                               |..............                                                                         |  16%                                          |                                                                                               |................                                                                       |  19% [modelEquations]                         |                                                                                               |...................                                                                    |  22%                                          |                                                                                               |......................                                                                 |  25% [modelError]                             |                                                                                               |........................                                                               |  28%                                          |                                                                                               |...........................                                                            |  31% [modelParameters]                        |                                                                                               |..............................                                                         |  34%                                          |                                                                                               |.................................                                                      |  38% [initialDesignParameters]                |                                                                                               |...................................                                                    |  41%                                          |                                                                                               |......................................                                                 |  44% [administrationParameters]               |                                                                                               |.........................................                                              |  47%                                          |                                                                                               |............................................                                           |  50% [FIMFixedEffectsTable]                   |                                                                                               |..............................................                                         |  53%                                          |                                                                                               |.................................................                                      |  56% [FIMVarianceEffectsTable]                |                                                                                               |....................................................                                   |  59%                                          |                                                                                               |......................................................                                 |  62% [correlationMatrixFixedEffectsTable]     |                                                                                               |.........................................................                              |  66%                                          |                                                                                               |............................................................                           |  69% [correlationMatrixVarianceEffectsTable]  |                                                                                               |...............................................................                        |  72%                                          |                                                                                               |.................................................................                      |  75% [criteriaFimTable]                       |                                                                                               |....................................................................                   |  78%                                          |                                                                                               |.......................................................................                |  81% [SEandRSETable]                          |                                                                                               |.........................................................................              |  84%                                          |                                                                                               |............................................................................           |  88% [plotOutcomesEvaluation]                 |                                                                                               |...............................................................................        |  91%                                          |                                                                                               |..................................................................................     |  94% [plotOutcomesGradient]                   |                                                                                               |....................................................................................   |  97%                                          |                                                                                               |.......................................................................................| 100% [plotSEandRSE]                                                                                                                                                                                                                    
"C:/Program Files/RStudio/resources/app/bin/quarto/bin/tools/pandoc" +RTS -K512m -RTS templateEvaluationPopulationFim.knit.md --to html4 --from markdown+autolink_bare_uris+tex_math_single_backslash --output pandoc245047c956d1.html --lua-filter "C:\Users\luf59577\AppData\Local\R\win-library\4.3\rmarkdown\rmarkdown\lua\pagebreak.lua" --lua-filter "C:\Users\luf59577\AppData\Local\R\win-library\4.3\rmarkdown\rmarkdown\lua\latex-div.lua" --embed-resources --standalone --variable bs3=TRUE --section-divs --template "C:\Users\luf59577\AppData\Local\R\win-library\4.3\rmarkdown\rmd\h\default.html" --no-highlight --variable highlightjs=1 --variable theme=bootstrap --mathjax --variable "mathjax-url=https://mathjax.rstudio.com/latest/MathJax.js?config=TeX-AMS-MML_HTMLorMML" --include-in-header "C:\Users\luf59577\AppData\Local\Temp\4\RtmpIlJH84\rmarkdown-str24506d76611d.html" 
  |                                                                                                    |                                                                                            |   0%  |                                                                                                    |...                                                                                         |   3%                                          |                                                                                                    |......                                                                                      |   6% [setup]                                  |                                                                                                    |.........                                                                                   |   9%                                          |                                                                                                    |............                                                                                |  12% [modelOutputs]                           |                                                                                                    |..............                                                                              |  16%                                          |                                                                                                    |.................                                                                           |  19% [modelEquations]                         |                                                                                                    |....................                                                                        |  22%                                          |                                                                                                    |.......................                                                                     |  25% [modelError]                             |                                                                                                    |..........................                                                                  |  28%                                          |                                                                                                    |.............................                                                               |  31% [modelParameters]                        |                                                                                                    |................................                                                            |  34%                                          |                                                                                                    |..................................                                                          |  38% [initialDesignParameters]                |                                                                                                    |.....................................                                                       |  41%                                          |                                                                                                    |........................................                                                    |  44% [administrationParameters]               |                                                                                                    |...........................................                                                 |  47%                                          |                                                                                                    |..............................................                                              |  50% [FIMFixedEffectsTable]                   |                                                                                                    |.................................................                                           |  53%                                          |                                                                                                    |....................................................                                        |  56% [FIMVarianceEffectsTable]                |                                                                                                    |.......................................................                                     |  59%                                          |                                                                                                    |..........................................................                                  |  62% [correlationMatrixFixedEffectsTable]     |                                                                                                    |............................................................                                |  66%                                          |                                                                                                    |...............................................................                             |  69% [correlationMatrixVarianceEffectsTable]  |                                                                                                    |..................................................................                          |  72%                                          |                                                                                                    |.....................................................................                       |  75% [criteriaFimTable]                       |                                                                                                    |........................................................................                    |  78%                                          |                                                                                                    |...........................................................................                 |  81% [SEandRSETable]                          |                                                                                                    |..............................................................................              |  84%                                          |                                                                                                    |................................................................................            |  88% [plotOutcomesEvaluation]                 |                                                                                                    |...................................................................................         |  91%                                          |                                                                                                    |......................................................................................      |  94% [plotOutcomesGradient]                   |                                                                                                    |.........................................................................................   |  97%                                          |                                                                                                    |............................................................................................| 100% [plotSEandRSE]                                                                                                                                                                                                                         
"C:/Program Files/RStudio/resources/app/bin/quarto/bin/tools/pandoc" +RTS -K512m -RTS templateEvaluationPopulationFim.knit.md --to html4 --from markdown+autolink_bare_uris+tex_math_single_backslash --output pandoc350c47d972d1.html --lua-filter "C:\Users\romai\AppData\Local\R\win-library\4.4\rmarkdown\rmarkdown\lua\pagebreak.lua" --lua-filter "C:\Users\romai\AppData\Local\R\win-library\4.4\rmarkdown\rmarkdown\lua\latex-div.lua" --embed-resources --standalone --variable bs3=TRUE --section-divs --template "C:\Users\romai\AppData\Local\R\win-library\4.4\rmarkdown\rmd\h\default.html" --no-highlight --variable highlightjs=1 --variable theme=bootstrap --mathjax --variable "mathjax-url=https://mathjax.rstudio.com/latest/MathJax.js?config=TeX-AMS-MML_HTMLorMML" --include-in-header "C:\Users\romai\AppData\Local\Temp\Rtmp8ySaHe\rmarkdown-str350cca24a5c.html" 
