*************************

Design: design1

*************************

*************************
Fisher information matrix 
*************************

**** Fixed effect 

             µ_C50          µ_Cl       µ_Imax          µ_ka          µ_S0
µ_C50  553.9264334 -3.899325e+01 -21.85199499 -3.975795e-01  5.338620e-02
µ_Cl   -38.9932464  1.768027e+05  -4.00439134  1.916155e+02 -3.175598e-03
µ_Imax -21.8519950 -4.004391e+00 665.79976308  1.049555e-02 -7.112181e-02
µ_ka    -0.3975795  1.916155e+02   0.01049555  1.132094e+01 -3.692373e-05
µ_S0     0.0533862 -3.175598e-03  -0.07112181 -3.692373e-05  3.077046e-01

**** Variance components 

                      <U+03C9>²_C50        <U+03C9>²_Cl        <U+03C9>²_Imax        <U+03C9>²_ka        <U+03C9>²_S0         <U+03C9>²_V s_inter_RespPK s_slope_RespPK
<U+03C9>²_C50          4.0042380847 1.160335e-02   1.149068e-01 1.827283e-04 1.286992e-02 3.341621e+00   1.896223e-04   2.534222e-03
<U+03C9>²_Cl           0.0116033492 1.394991e+05   2.256449e-03 2.482035e+01 2.662917e-05 1.238603e+05   5.102516e+02   2.253966e+04
<U+03C9>²_Imax         0.1149068114 2.256449e-03   1.966975e+03 2.348098e-06 4.211835e-01 3.879810e-02   8.214473e-06   2.412301e-04
<U+03C9>²_ka           0.0001827283 2.482035e+01   2.348098e-06 1.312396e+01 5.453448e-07 6.704396e+02   2.428566e+01   1.914340e+02
<U+03C9>²_S0           0.0128699208 2.662917e-05   4.211835e-01 5.453448e-07 1.479408e+05 1.040674e-02   6.079402e-07   8.308240e-06
<U+03C9>²_V            3.3416209102 1.238603e+05   3.879810e-02 6.704396e+02 1.040674e-02 1.396481e+06   4.638920e+03   6.620985e+04
s_inter_RespPK  0.0001896223 5.102516e+02   8.214473e-06 2.428566e+01 6.079402e-07 4.638920e+03   4.005495e+02   2.520052e+03
s_slope_RespPK  0.0025342217 2.253966e+04   2.412301e-04 1.914340e+02 8.308240e-06 6.620985e+04   2.520052e+03   4.783988e+04
s_inter_RespPD  6.0301641568 2.448236e-02   3.140873e-01 1.605488e-02 5.907057e+01 5.057152e+00   2.952435e-04   4.093366e-03
               s_inter_RespPD
<U+03C9>²_C50           6.030164e+00
<U+03C9>²_Cl            2.448236e-02
<U+03C9>²_Imax          3.140873e-01
<U+03C9>²_ka            1.605488e-02
<U+03C9>²_S0            5.907057e+01
<U+03C9>²_V             5.057152e+00
s_inter_RespPK   2.952435e-04
s_slope_RespPK   4.093366e-03
s_inter_RespPD   1.051470e+02

******************
Correlation matrix  
******************

**** Fixed effect 

              µ_C50          µ_Cl        µ_Imax          µ_ka          µ_S0
µ_C50   1.000000000  3.306693e-03  3.596441e-02  4.525410e-03 -3.912895e-03
µ_Cl    0.003306693  1.000000e+00  5.077669e-04 -1.354223e-01  3.150803e-08
µ_Imax  0.035964408  5.077669e-04  1.000000e+00 -9.512818e-06  4.824967e-03
µ_ka    0.004525410 -1.354223e-01 -9.512818e-06  1.000000e+00 -4.584532e-07
µ_S0   -0.003912895  3.150803e-08  4.824967e-03 -4.584532e-07  1.000000e+00

**** Variance components 

                      <U+03C9>²_C50         <U+03C9>²_Cl        <U+03C9>²_Imax         <U+03C9>²_ka         <U+03C9>²_S0          <U+03C9>²_V s_inter_RespPK s_slope_RespPK
<U+03C9>²_C50          1.000000e+00  3.356561e-04  -1.142302e-03  2.554155e-04  4.587865e-03 -1.452818e-03   6.320407e-05   1.406624e-04
<U+03C9>²_Cl           3.356561e-04  1.000000e+00  -3.894982e-07  4.658943e-02  3.697965e-07 -2.382349e-01   1.180454e-01  -2.568533e-01
<U+03C9>²_Imax        -1.142302e-03 -3.894982e-07   1.000000e+00  5.618042e-08 -1.958874e-05  1.183312e-06  -1.230828e-07  -1.169353e-07
<U+03C9>²_ka           2.554155e-04  4.658943e-02   5.618042e-08  1.000000e+00  7.438648e-06 -9.713746e-02  -2.348854e-01  -5.704438e-02
<U+03C9>²_S0           4.587865e-03  3.697965e-07  -1.958874e-05  7.438648e-06  1.000000e+00 -6.940844e-07  -1.746766e-06  -4.344690e-07
<U+03C9>²_V           -1.452818e-03 -2.382349e-01   1.183312e-06 -9.713746e-02 -6.940844e-07  1.000000e+00  -6.478984e-02  -1.017681e-01
s_inter_RespPK  6.320407e-05  1.180454e-01  -1.230828e-07 -2.348854e-01 -1.746766e-06 -6.478984e-02   1.000000e+00  -5.350434e-01
s_slope_RespPK  1.406624e-04 -2.568533e-01  -1.169353e-07 -5.704438e-02 -4.344690e-07 -1.017681e-01  -5.350434e-01   1.000000e+00
s_inter_RespPD -2.939124e-01 -2.361428e-05  -3.241206e-04 -4.748936e-04 -1.566390e-02  4.435798e-05   1.115125e-04   2.773043e-05
               s_inter_RespPD
<U+03C9>²_C50          -2.939124e-01
<U+03C9>²_Cl           -2.361428e-05
<U+03C9>²_Imax         -3.241206e-04
<U+03C9>²_ka           -4.748936e-04
<U+03C9>²_S0           -1.566390e-02
<U+03C9>²_V             4.435798e-05
s_inter_RespPK   1.115125e-04
s_slope_RespPK   2.773043e-05
s_inter_RespPD   1.000000e+00

**********************************************
Determinant, condition numbers and D-criterion 
**********************************************

                                       Value
Determinant                     5.727948e+41
Cond number fixed effects       5.746096e+05
Cond number variance components 3.872813e+05
D-criterion                     9.609797e+02

**********
Shrinkage 
**********

NULL

**********
SE and RSE 
**********

                 Value           SE     RSE (%)
µ_C50          1.7e-01 0.0425173765   25.010221
µ_Cl           1.3e-01 0.0024003702    1.846439
µ_Imax         7.3e-01 0.0387806093    5.312412
µ_ka           1.6e+00 0.2999739313   18.748371
µ_S0           1.0e+02 1.8027756366    1.802776
<U+03C9>²_C50         4.9e-01 0.5228284194  106.699677
<U+03C9>²_Cl          3.6e-03 0.0028881997   80.227768
<U+03C9>²_Imax        9.0e-02 0.0225476361   25.052929
<U+03C9>²_ka          1.0e-02 0.2950308116 2950.308116
<U+03C9>²_S0          1.0e-02 0.0026002150   26.002150
<U+03C9>²_V           4.0e-04 0.0009066678  226.666958
s_inter_RespPK 6.0e-01 0.0635489925   10.591499
s_slope_RespPK 7.0e-02 0.0058866065    8.409438
s_inter_RespPD 2.0e+00 0.1020396109    5.101981

$design1
$design1$BrasTest
$design1$BrasTest$RespPK

$design1$BrasTest$RespPD



$design1
$design1$BrasTest
$design1$BrasTest$RespPK
$design1$BrasTest$RespPK$C50

$design1$BrasTest$RespPK$Cl

$design1$BrasTest$RespPK$Imax

$design1$BrasTest$RespPK$ka

$design1$BrasTest$RespPK$S0

$design1$BrasTest$RespPK$V


$design1$BrasTest$RespPD
$design1$BrasTest$RespPD$C50

$design1$BrasTest$RespPD$Cl

$design1$BrasTest$RespPD$Imax

$design1$BrasTest$RespPD$ka

$design1$BrasTest$RespPD$S0

$design1$BrasTest$RespPD$V




$design1

$design1

  |                                                                                               |                                                                                       |   0%  |                                                                                               |...                                                                                    |   3%                                          |                                                                                               |.....                                                                                  |   6% [setup]                                  |                                                                                               |........                                                                               |   9%                                          |                                                                                               |...........                                                                            |  12% [modelOutputs]                           |                                                                                               |..............                                                                         |  16%                                          |                                                                                               |................                                                                       |  19% [modelEquations]                         |                                                                                               |...................                                                                    |  22%                                          |                                                                                               |......................                                                                 |  25% [modelError]                             |                                                                                               |........................                                                               |  28%                                          |                                                                                               |...........................                                                            |  31% [modelParameters]                        |                                                                                               |..............................                                                         |  34%                                          |                                                                                               |.................................                                                      |  38% [initialDesignParameters]                |                                                                                               |...................................                                                    |  41%                                          |                                                                                               |......................................                                                 |  44% [administrationParameters]               |                                                                                               |.........................................                                              |  47%                                          |                                                                                               |............................................                                           |  50% [FIMFixedEffectsTable]                   |                                                                                               |..............................................                                         |  53%                                          |                                                                                               |.................................................                                      |  56% [FIMVarianceEffectsTable]                |                                                                                               |....................................................                                   |  59%                                          |                                                                                               |......................................................                                 |  62% [correlationMatrixFixedEffectsTable]     |                                                                                               |.........................................................                              |  66%                                          |                                                                                               |............................................................                           |  69% [correlationMatrixVarianceEffectsTable]  |                                                                                               |...............................................................                        |  72%                                          |                                                                                               |.................................................................                      |  75% [criteriaFimTable]                       |                                                                                               |....................................................................                   |  78%                                          |                                                                                               |.......................................................................                |  81% [SEandRSETable]                          |                                                                                               |.........................................................................              |  84%                                          |                                                                                               |............................................................................           |  88% [plotOutcomesEvaluation]                 |                                                                                               |...............................................................................        |  91%                                          |                                                                                               |..................................................................................     |  94% [plotOutcomesGradient]                   |                                                                                               |....................................................................................   |  97%                                          |                                                                                               |.......................................................................................| 100% [plotSEandRSE]                                                                                                                                                                                                                    
"C:/Program Files/RStudio/resources/app/bin/quarto/bin/tools/pandoc" +RTS -K512m -RTS templateEvaluationPopulationFim.knit.md --to html4 --from markdown+autolink_bare_uris+tex_math_single_backslash --output pandoc24504f005740.html --lua-filter "C:\Users\luf59577\AppData\Local\R\win-library\4.3\rmarkdown\rmarkdown\lua\pagebreak.lua" --lua-filter "C:\Users\luf59577\AppData\Local\R\win-library\4.3\rmarkdown\rmarkdown\lua\latex-div.lua" --embed-resources --standalone --variable bs3=TRUE --section-divs --template "C:\Users\luf59577\AppData\Local\R\win-library\4.3\rmarkdown\rmd\h\default.html" --no-highlight --variable highlightjs=1 --variable theme=bootstrap --mathjax --variable "mathjax-url=https://mathjax.rstudio.com/latest/MathJax.js?config=TeX-AMS-MML_HTMLorMML" --include-in-header "C:\Users\luf59577\AppData\Local\Temp\4\RtmpIlJH84\rmarkdown-str24506a584a1a.html" 
  |                                                                       |                                                               |   0%  |                                                                       |..                                                             |   3%                                          |                                                                       |....                                                           |   6% [setup]                                  |                                                                       |......                                                         |   9%                                          |                                                                       |........                                                       |  12% [modelOutputs]                           |                                                                       |..........                                                     |  16%                                          |                                                                       |............                                                   |  19% [modelEquations]                         |                                                                       |..............                                                 |  22%                                          |                                                                       |................                                               |  25% [modelError]                             |                                                                       |..................                                             |  28%                                          |                                                                       |....................                                           |  31% [modelParameters]                        |                                                                       |......................                                         |  34%                                          |                                                                       |........................                                       |  38% [initialDesignParameters]                |                                                                       |..........................                                     |  41%                                          |                                                                       |............................                                   |  44% [administrationParameters]               |                                                                       |..............................                                 |  47%                                          |                                                                       |................................                               |  50% [FIMFixedEffectsTable]                   |                                                                       |.................................                              |  53%                                          |                                                                       |...................................                            |  56% [FIMVarianceEffectsTable]                |                                                                       |.....................................                          |  59%                                          |                                                                       |.......................................                        |  62% [correlationMatrixFixedEffectsTable]     |                                                                       |.........................................                      |  66%                                          |                                                                       |...........................................                    |  69% [correlationMatrixVarianceEffectsTable]  |                                                                       |.............................................                  |  72%                                          |                                                                       |...............................................                |  75% [criteriaFimTable]                       |                                                                       |.................................................              |  78%                                          |                                                                       |...................................................            |  81% [SEandRSETable]                          |                                                                       |.....................................................          |  84%                                          |                                                                       |.......................................................        |  88% [plotOutcomesEvaluation]                 |                                                                       |.........................................................      |  91%                                          |                                                                       |...........................................................    |  94% [plotOutcomesGradient]                   |                                                                       |.............................................................  |  97%                                          |                                                                       |...............................................................| 100% [plotSEandRSE]                                                                                                                                                                                            
"C:/Program Files/RStudio/resources/app/bin/quarto/bin/tools/pandoc" +RTS -K512m -RTS templateEvaluationPopulationFim.knit.md --to html4 --from markdown+autolink_bare_uris+tex_math_single_backslash --output pandoc3438632945a6.html --lua-filter "C:\Users\romai\AppData\Local\R\win-library\4.4\rmarkdown\rmarkdown\lua\pagebreak.lua" --lua-filter "C:\Users\romai\AppData\Local\R\win-library\4.4\rmarkdown\rmarkdown\lua\latex-div.lua" --embed-resources --standalone --variable bs3=TRUE --section-divs --template "C:\Users\romai\AppData\Local\R\win-library\4.4\rmarkdown\rmd\h\default.html" --no-highlight --variable highlightjs=1 --variable theme=bootstrap --mathjax --variable "mathjax-url=https://mathjax.rstudio.com/latest/MathJax.js?config=TeX-AMS-MML_HTMLorMML" --include-in-header "C:\Users\romai\AppData\Local\Temp\RtmpSAsFvl\rmarkdown-str3438345c83e.html" 
